00600022
0020002d
04024000
03862000
02682000
05a06000
09000000
09000000
09000000
09000000
09000000
09000000
09000000
09000000
09000000
09000000
09000000
09000000
09000000
09000000
09000000
09000000
09000000
09000000
09000000
09000000
09000000
09000000
06000000
40000000
40000000
40000000
40000000
40000000
40000000
40000000
40000000
40000000
40000000
40000000
40000000
40000000
40000000
40000000
40000000
40000000
40000000
40000000
40000000
40000000
40000000
40000000
40000000
40000000
40000000
40000000
40000000
40000000
40000000
40000000